0
2
5
6
8
9
11
14
22
26
27
28
32
34
36
37
41
42
44
45
46
47
52
53
55
61
64
65
66
67
71
77
78
82
84
86
87
88
95
98
101
102
103
105
110
111
114
116
117
118
119
124
125
127
133
136
137
139
140
142
143
147
152
153
155
157
164
168
170
172
174
176
177
181
183
185
186
189
191
192
194
196
197
199
206
209
210
213
215
217
220
224
225
226
228
230
233
236
246
251
257
261
262
265
271
272
274
277
280
284
285
288
290
294
297
300
302
303
306
309
314
316
318
319
320
321
322
324
332
335
336
338
339
342
343
344
346
351
356
357
363
366
367
371
373
377
378
379
386
388
389
395
400
411
413
414
418
419
420
421
422
425
426
428
432
434
437
438
446
447
451
456
457
458
460
462
464
466
467
469
470
474
486
488
496
498
507
509
510
511
521
523
527
528
529
535
538
539
540
543
546
547
549
554
555
559
560
562
563
564
583
584
585
587
588
590
593
594
597
600
602
609
610
613
629
631
633
636
637
641
643
644
645
646
647
648
649
650
653
654
655
661
665
667
669
670
671
673
679
680
681
682
684
686
693
694
698
702
706
712
714
716
718
719
723
726
727
736
740
741
743
749
750
753
755
756
765
766
770
772
775
786
797
804
811
813
817
818
826
832
834
838
839
849
851
855
857
861
868
882
883
890
894
895
896
904
905
906
907
910
911
920
921
925
926
932
945
950
954
959
960
977
983
985
987
994
995
1000
1001
1008
1014
1023
1039
1041
1054
1056
1058
1062
1063
1064
1070
1074
1075
1076
1080
1083
1084
1085
1086
1093
1103
1104
1106
1109
1111
1114
1115
1118
1119
1125
1128
1130
1133
1141
1155
1158
1160
1163
1164
1172
1174
1177
1179
1186
1188
1192
1195
1197
1206
1209
1213
1220
1228
1231
1232
1235
1238
1240
1241
1243
1248
1253
1260
1264
1267
1270
1278
1283
1284
1286
1291
1294
1311
1313
1316
1332
1344
1347
1349
1356
1359
1363
1364
1367
1377
1378
1381
1386
1396
1402
1411
1412
1426
1436
1444
1448
1449
1451
1452
1454
1457
1460
1461
1465
1466
1467
1470
1478
1483
1486
1488
1489
1496
1498
1499
1501
1503
1505
1506
1510
1514
1517
1526
1528
1532
1533
1535
1539
1540
1543
1544
1545
1549
1553
1556
1560
1561
1564
1576
1577
1581
1582
1584
1586
1592
1595
1605
1607
1612
1615
1624
1628
1635
1637
1639
1641
1644
1647
1651
1653
1659
1663
1664
1666
1670
1672
1673
1679
1680
1685
1687
1701
1702
1707
1710
1711
1723
1730
1732
1733
1734
1735
1745
1755
1757
1758
1761
1764
1767
1769
1770
1771
1777
1778
1787
1792
1794
1795
1798
1804
1808
1809
1810
1811
1812
1813
1814
1815
1816
1818
1819
1824
1826
1830
1831
1833
1834
1840
1841
1844
1845
1847
1852
1853
1877
1885
1891
1895
1897
1899
1900
1901
1902
1906
1907
1910
1914
1915
1918
1919
1920
1921
1928
1930
1934
1936
1939
1940
1941
1948
1963
1981
1987
1995
2000
2011
2020
2027
2029
2034
2035
2040
2043
2049
2050
2052
2054
2067
2076
2077
2078
2081
2083
2085
2086
2087
2090
2092
2093
2104
2105
2117
2122
2126
2128
2130
2136
2141
2145
2147
2148
2152
2156
2161
2172
2173
2185
2186
2188
2190
2191
2193
2208
2216
2221
2223
2231
2232
2238
2252
2253
2256
2269
2274
2276
2277
2283
2291
2294
2297
2299
2304
2305
2306
2307
2308
2309
2310
2314
2325
2333
2335
2336
2337
2338
2345
2346
2354
2355
2356
2357
2382
2383
2386
2406
2409
2419
2421
2428
2439
2441
2442
2449
2459
2460
2461
2462
2463
2464
2468
2473
2474
2476
2482
2484
2497
2503
2504
2507
2508
2509
2512
2523
2526
2535
2537
2541
2553
2560
2568
2578
2579
2580
2588
2589
2590
2592
2595
2597
2604
2608
2611
2622
2626
2627
2635
2636
2637
2638
2639
2640
2643
2645
2647
2648
2650
2653
2660
2669
2681
2682
2684
2685
2687
2689
2691
2694
2696
2700
2704
2709
2710
2727
2728
2732
2737
2742
2744
2753
2754
2756
2757
2758
2761
2777
2780
2796
2798
2804
2807
2811
2812
2813
2814
2817
2818
2826
2827
2828
2834
2836
2838
2840
2849
2861
2862
2863
2864
2866
2868
2877
2882
2883
2884
2896
2897
2900
2901
2904
2905
2910
2911
2923
2925
2934
2943
2954
2956
2962
2965
2966
2968
2986
2992
3000
3001
3005
3009
3010
3016
3017
3021
3022
3024
3025
3032
3048
3052
3054
3055
3057
3060
3062
3063
3067
3071
3072
3078
3080
3081
3084
3085
3086
3089
3091
3101
3103
3106
3107
3112
3116
3117
3120
3124
3130
3138
3145
3146
3147
3149
3150
3164
3165
3166
3169
3173
3174
3176
3184
3187
3190
3192
3197
3201
3211
3221
3230
3231
3233
3234
3235
3244
3248
3253
3254
3258
3266
3271
3276
3283
3296
3299
3300
3302
3304
3310
3311
3313
3314
3319
3320
3330
3336
3345
3348
3350
3351
3352
3355
3358
3359
3360
3361
3363
3368
3370
3373
3375
3376
3381
3382
3383
3385
3388
3403
3406
3422
3429
3434
3437
3438
3440
3442
3445
3454
3455
3456
3464
3474
3476
3483
3484
3486
3487
3498
3503
3504
3505
3507
3512
3513
3516
3517
3525
3526
3529
3532
3534
3535
3536
3538
3544
3546
3552
3553
3554
3555
3557
3564
3565
3570
3575
3579
3580
3582
3587
3602
3604
3608
3609
3616
3622
3626
3627
3635
3642
3645
3652
3658
3664
3668
3675
3678
3682
3688
3689
3698