17
20
21
24
33
37
38
40
45
46
48
51
56
62
63
67
69
72
76
83
84
91
100
112
121
125
130
134
135
137
142
144
146
151
161
162
164
165
175
180
181
185
188
190
191
196
198
199
201
202
212
213
216
223
228
238
241
245
247
248
256
259
267
270
271
272
273
294
296
297
300
301
304
305
309
310
312
320
335
336
341
350
351
354
356
362
364
369
370
371
377
391
393
394
399
400
402
403
406
408
418
422
425
427
428
429
430
435
437
452
456
458
461
463
464
472
479
482
488
490
494
495
499
509
523
527
530
539
540
541
554
560
568
571
577
581
584
588
591
600
604
607
618
619
620
625
635
639
651
661
664
665
670
675
685
693
694
697
698
700
708
713
714
715
717
719
735
737
741
745
746
760
762
763
769
771
773
776
777
780
783
784
786
788
802
806
812
813
816
817
820
827
831
841
844
850
854
859
868
877
880
881
889
893
895
919
935
940
946
960
966
977
989
993
994
1005
1017
1019
1026
1034
1046
1059
1067
1080
1085
1090
1091
1093
1096
1101
1105
1108
1111
1112
1113
1116
1119
1124
1129
1131
1132
1133
1136
1137
1141
1145
1151
1152
1158
1159
1173
1185
1195
1200
1210
1220
1225
1231
1233
1236
1239
1245
1253
1256
1260
1264
1271
1276
1277
1282
1301
1310
1312
1313
1317
1328
1340
1346
1355
1380
1383
1392
1398
1400
1401
1408
1412
1413
1417
1419
1425
1429
1432
1437
1441
1446
1449
1453
1459
1465
1469
1475
1482
1490
1494
1497
1501
1503
1513
1516
1518
1523
1526
1528
1531
1534
1536
1541
1549
1554
1555
1556
1557
1560
1561
1569
1577
1579
1580
1581
1595
1604
1612
1621
1625
1626
1627
1628
1637
1643
1644
1646
1648
1652
1654
1658
1662
1663
1675
1676
1677
1680
1683
1687
1696
1701
1702
1704
1709
1710
1717
1718
1719
1720
1723
1724
1727
1729
1730
1731
1732
1734
1753
1754
1763
1764
1772
1777
1778
1782
1783
1784
1786
1790
1794
1799
1801
1804
1805
1806
1807
1823
1827
1829
1830
1831
1832
1838
1840
1841
1843
1846
1849
1854
1857
1862
1864
1888
1903
1908
1910
1916
1932
1942
1943
1948
1950
1956
1961
1974
1983
1991
1999
2004
2009
2013
2014
2022
2034
2061
2072
2073
2075
2076
2077
2080
2082
2083
2084
2092
2096
2098
2105
2113
2115
2126
2133
2137
2142
2143
2144
2145
2146
2147
2149
2151
2152
2155
2156
2159
2162
2171
2183
2185
2187
2190
2206
2211
2238
2241
2249
2251
2256
2257
2269
2273
2298
2305
2324
2325
2326
2349
2378
2395
2402
2403
2445
2453
2460
2463
2479
2485
2493
2494
2521
2529
2556
2558
2561
2575
2589
2590
2594
2617
2619
2620
2629
2635
2643
2678
2681
2683
2690
2691
2693
2711
2713
2733
2743
2746
2755
2762
2770
2774
2776
2781
2788
2791
2798
2799
2820
2823
2827
2836
2837
2845
2846
2849
2853
2858
2872
2878
2879
2881
2882
2884
2885
2890
2893
2895
2897
2899
2907
2911
2918
2923
2925
2928
2930
2935
2936
2943
2947
2949
2953
2956
2959
2962
2967
2969
2972
2973
2975
2976
2982
2984
2986
2987
2991
2992
2995
3000
3002
3003
3005
3007
3015
3025
3026
3028
3030
3032
3033
3042
3047
3050
3053
3057
3061
3062
3064
3065
3068
3069
3076
3085
3100
3103
3110
3111
3113
3119
3127
3132
3133
3144
3147
3148
3151
3162
3163
3165
3171
3173
3178
3184
3191
3194
3195
3196
3198
3201
3205
3218
3224
3234
3235
3239
3243
3244
3258
3268
3269
3293
3294
3295
3296
3307
3311
3321
3326
3332
3342
3348
3349
3350
3369
3372
3377
3385
3386
3388
3390
3397
3410
3416
3417
3424
3432
3433
3438
3441
3447
3453
3458
3470
3478
3480
3483
3485
3486
3488
3494
3501
3502
3503
3505
3507
3508
3509
3511
3513
3515
3516
3517
3521
3524
3535
3539
3556
3557
3558
3568
3570
3578
3579
3580
3583
3589
3604
3609
3620
3621
3624
3629
3630
3638
3647
3652
3656
3658
3687
3689
3702
3706
3714
3715
3724
3727
3728
3732
3733
3739
3747
3749
3751
3755
3765
3776
3787
3792
3793
3794
3798
3799
3800
3801
3805
3824
3829
3830
3833
3843
3849
3856
3860
3867
3868
3870
3880
3883
3886
3889
3900
3906
3908
3910
3912
3921
3941
3950
3953
3964
3966
3970
3986
3995
4007
4008
4011
4034
4040
4046
4050
4080
4100
4102
4103
4116
4121
4143
4172
4193
4197
4216
4248
4294
4297
4299
4303
4314
4322
4336
4337
4345
4346
4348
4349
4351
4358
4365
4367
4370
4373
4377
4382
4386
4390
4391
4392
4395
4396
4397
4398
4399
4400
4401
4406
4409
4410
4411
4414
4415
4422
4426
4440
4445
4464
4474
4488
4490
4494
4506
4513
4515
4516
4522
4526
4530
4533
4534
4535
4546
4547
4549
4550
4554
4566
4578
4589
4591
4595
4610
4611
4619
4628
4630
4634
4635
4647
4659
4661
4674
4685
4688
4692
4694
4695
4696
4698
4699
4703
4704
4732
4735
4744
4746
4751
4753
4760
4790
4798
4799
4809
4811
4813
4820
4822
4827
4848
4850
4858
4863
4870
4886
4888
4909
4915
4917
4918
4921
4935
4937
4948
4957
4966
4968
4985
4997
5006
5010
5012
5029
5031
5041
5042
5049
5060
5063
5080
5083
5093
5098
5132
5136
5140
5142
5146
5150
5155
5157
5159
5166
5169
5182
5183
5186
5197
5201
5211
5212
5215
5217
5218
5224
5226
5243
5245
5253
5263
5268
5279
5281
5282
5284
5289
5304
5315
5317
5318
5319
5331
5338
5347
5349
5356
5358
5359
5364
5365
5366
5372
5376
5379
5381
5387
5393
5396
5399
5400
5416
5418
5424
5435
5443
5448
5449
5452
5454
5456
5457
5459
5470
5481
5488
5490
5491
5494
5505
5509
5514
5528
5529
5545
5546
5547
5564
5567
5568
5577
5590
5596
5597
5604
5606
5607
5617
5618
5627
5631
5637
5638
5643
5645
5646
5648
5651
5663
5664
5665
5669
5681
5682
5683
5687
5689
5699
5701
5703
5704
5705
5708
5714
5722
5724
5728
5729
5744
5745
5749
5752
5753
5759
5773
5775
5779
5783
5790
5810
5823
5825
5829
5846
5850
5872
5876
5882
5883
5890
5897
5905
5908
5912
5914
5918
5930
5931
5934
5935
5943
5948
5950
5955
5956
5958
5963
5984
5991
5997
6007
6026
6027
6030